kinematics:
  shoulder:
    x: 0
    y: 0
    z: 0.162527650528683
    roll: -0
    pitch: 0
    yaw: 2.027566239209966e-08
  upper_arm:
    x: 0.0002475640538213835
    y: 0
    z: 0
    roll: 1.569727761613716
    pitch: 0
    yaw: -3.709503710725943e-06
  forearm:
    x: -0.4251556961454104
    y: 0
    z: 0
    roll: 0.0009430455584872398
    pitch: 0.0004617474765361566
    yaw: 7.523042808067871e-06
  wrist_1:
    x: -0.3921865420531594
    y: 0.0006907876167924117
    z: 0.1338743137015875
    roll: 3.1364327280822
    pitch: 3.140133426981941
    yaw: 3.141587368604483
  wrist_2:
    x: 2.785780580663614e-05
    y: -0.09970106244107156
    z: 0.0001452571478045003
    roll: 1.569339401046342
    pitch: 0
    yaw: -4.57226457389881e-07
  wrist_3:
    x: -1.153466320061017e-05
    y: 0.09952180542964686
    z: -8.488984487913422e-05
    roll: 1.569943349661645
    pitch: 3.141592653589793
    yaw: 3.141592641003259
  hash: calib_4159798879917363799