kinematics:
  shoulder:
    x: 0
    y: 0
    z: 0.1626739048494505
    roll: -0
    pitch: 0
    yaw: 3.619940167065572e-08
  upper_arm:
    x: 0.0001777187041685361
    y: 0
    z: 0
    roll: 1.571436983832365
    pitch: 0
    yaw: 1.41175219205856e-07
  forearm:
    x: -0.4249117405184156
    y: 0
    z: 0
    roll: 0.0007872701545315368
    pitch: -0.001089676993307116
    yaw: 1.020679912752572e-05
  wrist_1:
    x: -0.3922900620365664
    y: -0.001131877148932061
    z: 0.1334970860703566
    roll: 0.008478462419751179
    pitch: -0.0002597672031527706
    yaw: -6.005485621414478e-06
  wrist_2:
    x: 7.681678254037143e-05
    y: -0.09966064911911386
    z: 4.767283375650953e-05
    roll: 1.570317975203354
    pitch: 0
    yaw: 3.18732890533871e-07
  wrist_3:
    x: 3.669134545423025e-05
    y: 0.09951621128507301
    z: 0.0001385062083089564
    roll: 1.572188121328544
    pitch: 3.141592653589793
    yaw: 3.141592540461349
  hash: calib_11586712793005256756